10 44
00000000000000000000000000000000000000000000
0                         111      22      0
0   0111111  0000  111111 111 1111 11 1111 0
0 1101111111              111 1111 11 111  0
0 1101111111 0000  100011 111 1111 1  1    0
0 11000    1 1111  1   11 111 1111 1 11 1  0
0 8  1 111 1 1000  1   11 111 1111 1 11 11 0
0 1 11 111 1       111111 111 1111   11 11 0
0   11     1 11111                         0
00000000000000000000000000000000000000000000
  
       *            @    *
  *   *+               +
          @
            @        +         @ 
  *   @
           *                           *
   +  
 *  *   *                   @    @
